
	 12,  12,  12,  12,  12,  12,  16,  16,  16,  12, 
	 12,   6,   3,   0,   0,   0,   1,   0,  40,  42,

	 18,  16,  16,  16,  16,  16,   6,   1,   0,  16, 
	 16,  12,  12,   0,   5,   0,   0,   0,  44,  47,

	 18,   0,  32,  34,   0,   0,   0,   0,   5,   0, 
	  0,  16,  18,   0,   0,   0,   1,   0,   0,   7,

	 18,   8,  36,  39,   0,   1,  32,  34,  20,  21, 
	 22,   0,  18,   0,  12,   0,  12,   0,   5,   0,

	 18,   0,   0,  11,   0,   0,  36,  39,   0,   0, 
	  0,   0,  18,  12,  14,  17,  14,  12,  12,  12,

	 18,  10,   1,  32,  34,  11,   0,  17,   0,   3, 
	  0,   1,  16,  16,  16,  11,  16,  16,  16,  18,

	 18,   0,   0,  36,  39,   0,   0,   0,   0,  25, 
	  7,   0,   0,  15,   0,   0,   0,   0,  23,  18,

	 18,   3,   4,   0,  11,   0,   1,   0,  15,   0, 
	  0,  13,   0,   0,   9,   9,   9,   9,   9,  18,

	 18,  12,  12,  12,  12,   0,   0,   0,   0,   0, 
	  0,   0,   0,   0,   9,   9,  27,   9,   9,  18,

	 16,  16,  16,  16,  18,   4,   5,  12,   0,   0, 
	  7,  12,   4,   3,   9,   9,   9,   9,   9,  18,

	  3,  28,  30,   1,  18,  12,  12,  14,   7,  17, 
	  0,  14,  12,  12,  12,  12,  12,  12,  12,  18,

	  0,   1,   0,   5,  16,  16,  16,  16,   0,  11, 
	  0,  16,  16,  16,  16,  16,  16,  16,  16,  16,
